4294967294,30
4294967294,942
4294967294,941
4294967294,939
4294967294,938
4294967294,933
4294967294,922
4294967294,436
4294967294,830
4294967294,829
4294967294,828
4294967294,827
4294967294,60
4294967279,250
4294967294,12
4294967278,340
4294967279,14
4294967279,8
4294967278,446
4294967279,549
4294967278,413
4294967279,355
4294967278,421
4294967279,229
4294967278,266
4294967278,132
4294967278,350
4294967278,123
4294967278,231
4294967278,395
4294967278,382
4294967279,291
4294967279,322
4294967279,334
4294967279,96
4294967279,94
4294967279,260
4294967279,0
4294967279,7
4294967279,6
4294967279,5
4294967279,227
4294967279,225
4294967279,223
4294967278,222
4294967279,219
4294967279,217
4294967279,215
4294967279,371
4294967279,213
4294967278,391
4294967279,205
4294967279,203
4294967279,199
4294967278,197
4294967279,242
4294967278,194
4294967279,194
785,6
785,5
785,4
785,3
785,2
785,1
4294967278,369
4294967279,186
4294967279,330
4294967278,420
4294967279,370
782,6
782,5
782,4
782,3
782,2
782,1
4294967294,5
4294967294,946
4294967294,967
4294967278,160
4294967278,159
4294967278,158
4294967279,158
4294967294,417
4294967278,154
4294967278,434
4294967278,147
4294967279,542
779,6
779,5
779,4
779,3
779,2
779,1
4294967278,223
4294967279,375
4294967278,239
4294967279,323
4294967278,437
4294967279,531
4294967279,282
4294967279,377
4294967279,279
4294967278,274
4294967278,273
4294967294,421
4294967279,222
4294967278,380
4294967278,299
4294967278,285
776,6
776,5
776,4
776,3
776,2
776,1
4294967294,89
4294967278,444
4294967278,351
4294967294,38
4294967279,564
4294967278,397
4294967278,253
4294967279,248
4294967278,389
4294967278,429
4294967278,301
4294967279,521
4294967278,345
4294967278,234
4294967279,233
4294967278,232
773,5
773,4
4294967278,230
773,3
773,2
773,1
4294967294,1420
4294967294,1418
4294967294,414
4294967294,448
4294967294,451
4294967294,191
771,4
771,3
771,2
771,1
770,4
770,3
770,2
770,1
4294967279,372
4294967278,210
4294967278,209
4294967278,208
4294967294,8
769,6
0,5
4294967294,114
769,5
4294967279,204
769,4
769,3
769,2
769,1
4294967294,482
4294967278,200
4294967278,432
768,5
4294967279,198
768,4
768,3
768,2
768,1
4294967278,342
4294967278,190
4294967278,186
767,5
767,4
767,3
767,2
767,1
4294967279,185
4294967279,184
4294967278,430
766,5
4294967294,161
4294967294,163
4294967294,899
4294967294,182
766,4
766,3
766,2
766,1
4294967279,513
4294967279,176
4294967279,571
4294967294,6
4294967279,175
4294967278,173
4294967278,172
4294967278,314
4294967294,17
4294967279,169
4294967278,168
764,4
764,3
764,2
764,1
0,7
4294967294,0
4294967294,107
4294967278,347
4294967278,0
4294967294,390
4294967278,392
4294967279,350
4294967279,563
4294967279,238
4294967278,334
4294967279,218
4294967278,251
4294967279,318
4294967278,313
4294967279,520
4294967279,357
4294967278,435
4294967294,481
4294967279,316
4294967294,396
4294967294,903
4294967294,28
4294967294,179
4294967294,385
4294967294,178
4294967294,913
4294967294,919
4294967294,2
4294967294,386
4294967294,184
4294967294,462
4294967294,467
4294967294,189
4294967294,25
4294967294,46
4294967294,41
4294967294,67
4294967279,288
4294967294,50
4294967294,85
4294967294,950
4294967294,920
4294967294,27
4294967294,26
4294967294,53
4294967294,45
4294967294,43
4294967294,96
4294967294,94
4294967278,405
4294967294,22
4294967294,93
4294967294,95
4294967294,92
4294967294,88
4294967294,81
4294967294,970
4294967294,82
4294967294,1414
4294967278,428
4294967279,289
4294967278,326
4294967279,346
4294967294,7
4294967278,426
4294967293,131
4294967293,130
4294967293,129
4294967293,128
4294967293,127
4294967293,126
4294967293,125
4294967293,124
4294967293,123
4294967293,122
4294967293,121
4294967293,120
4294967293,119
4294967293,118
4294967293,117
4294967293,116
4294967293,115
4294967293,114
4294967293,113
4294967293,112
4294967293,111
4294967293,110
4294967293,109
4294967293,108
4294967293,107
4294967293,106
4294967293,105
4294967293,104
4294967293,103
4294967293,102
4294967293,101
4294967293,100
4294967293,99
4294967293,98
4294967293,97
4294967293,96
4294967293,95
4294967293,94
4294967293,93
4294967293,92
4294967293,91
4294967293,90
4294967293,89
4294967293,87
4294967293,86
4294967293,85
4294967293,84
4294967293,83
4294967293,82
4294967293,81
4294967293,80
4294967293,79
4294967293,78
4294967293,77
4294967293,76
4294967293,75
4294967293,74
4294967293,73
4294967293,72
4294967293,71
4294967293,70
4294967293,69
4294967293,68
4294967293,67
4294967293,66
4294967293,65
4294967293,64
4294967293,63
4294967293,62
4294967293,61
4294967293,60
4294967293,59
4294967293,58
4294967293,57
4294967293,56
4294967293,55
4294967293,54
4294967293,53
4294967293,52
4294967293,51
4294967293,50
4294967293,49
4294967293,48
4294967293,47
4294967293,46
4294967293,45
4294967293,44
4294967293,43
4294967293,42
4294967293,41
4294967293,40
4294967293,39
4294967293,38
4294967293,37
4294967293,36
4294967293,35
4294967293,34
4294967293,33
4294967293,32
4294967293,31
4294967293,30
4294967293,29
4294967293,28
4294967293,27
4294967293,26
4294967293,25
4294967293,24
4294967293,23
4294967293,22
4294967293,21
4294967293,20
4294967293,19
4294967293,18
4294967293,17
4294967293,16
4294967293,15
4294967293,14
4294967293,13
4294967293,12
4294967293,11
4294967293,10
4294967293,9
4294967293,8
4294967293,7
4294967293,6
4294967293,5
4294967293,4
4294967293,3
4294967278,284
4294967278,393
4294967278,398
4294967278,62
4294967278,59
4294967278,57
4294967278,56
4294967278,55
4294967278,54
4294967278,174
4294967278,53
4294967278,52
4294967278,51
4294967278,50
4294967278,49
4294967278,48
4294967278,45
4294967278,43
4294967278,42
4294967278,41
4294967278,40
